Average Validation Metrics:
==============================
mse: 0.0015010363422334194
psnr: 3.607823294879787
mae: 0.03269446641206741
correlation: 0.40801627826773534
min_error: -0.08631467819213867
max_error: 0.029054831713438034
mean_error: -0.02965623512864113
std_error: 0.020486462861299515

Compression Ratio: 21.4:1
Model Parameters: latent_dim=16, lambda_reg=1.0
